10,134
10,291
10,275
10,16
10,249
10,258
10,303
10,310
11,7
11,21
11,4
11,18
11,12
8,7
8,10
8,11
8,6
8,5
0,318
12,2
12,1
12,3
20,2
20,1
20,3
19,2
19,1
19,3
36,9
36,8
36,7
36,6
36,5
36,4
36,3
36,2
36,1
36,0
35,5
35,4
35,3
35,2
35,1
35,0
34,105
34,104
34,103
34,102
34,101
34,100
34,99
34,98
34,97
34,96
34,95
34,94
34,93
34,92
34,91
34,90
34,89
34,88
34,87
34,86
34,85
34,84
34,83
34,82
34,81
34,80
34,79
34,78
34,77
34,76
34,75
34,74
34,73
34,72
34,71
34,70
34,69
34,68
34,67
34,66
34,65
34,64
34,36
34,35
34,34
34,33
34,32
34,31
34,30
34,29
34,6
34,4
34,3
34,2
34,1
34,0
32,5
32,4
32,3
32,1
30,4
30,3
30,2
30,1
29,5
29,4
29,3
29,1
28,1
18,3
18,1
14,4
14,3
14,1
13,3
13,1
11,30
11,28
